Gender;Age (min);Age (max);Pace;Velocity (cm./sec.);;Cadence (steps/min.);;Stride Time (sec.);;Step Time (sec.);;Stride Length (cm.);;Step Length (cm.);;Stride Width (cm.);;Swing %;;Stance %;;Single Support %;;Total D. Support %;;GVI;;SS COP Path Eff. %;;Walk Ratio (cm./(steps/min.));;
;;;;min;max;min;max;min;max;min;max;min;max;min;max;min;max;min;max;min;max;min;max;min;max;min;max;min;max;min;max
Male;1;1;Normal;56.77;107.33;147.9;214.8;0.56;0.81;0.28;0.41;45.8;61;22.9;30.5;7.1;12.8;;;;;;;9;24;96.9;103.5;90;110;0.52;0.64
Male;2;2;Normal;70.14;115.3;138.9;197.6;0.61;0.86;0.3;0.43;55.8;79.8;27.9;39.9;4.8;11.1;;;;;;;10;24;96.9;103.5;90;110;0.52;0.64
Male;3;3;Normal;76.96;120.12;135.3;177.6;0.68;0.89;0.34;0.44;58;111.6;29;55.8;2.5;11;;;;;;;15;23;96.9;103.5;90;110;0.52;0.64
Male;4;4;Normal;90.05;138.65;136.5;136.5;0.68;0.88;0.34;0.44;71.2;99;35.6;49.5;5.6;11.2;;;;;;;12;23;96.9;103.5;90;110;0.52;0.64
Male;5;5;Slow;80;109.999;108.1;135.9;0.88;1.11;0.44;0.55;85.5;105.7;42.7;52.7;6.3;9.5;40;43.8;55.8;60.2;40;43.8;12.4;19.8;96.9;103.5;90;110;0.52;0.64
Male;5;5;Normal;110;149.999;127.1;152.9;0.78;0.94;0.39;0.47;99.1;119.3;49.4;59.6;6;9.6;40.7;44.1;55.8;59.4;40.7;44.1;12.2;18;96.9;103.5;90;110;0.52;0.64
Male;5;5;Fast;150;190;155.4;184.6;0.65;0.78;0.32;0.39;112.5;130.9;56.2;65.2;5.7;10.1;42.4;45.6;54.3;58.1;42.4;45.6;9.1;15.3;96.9;103.5;90;110;0.52;0.64
Male;6;6;Slow;85;114.999;105.9;129.9;0.92;1.13;0.46;0.57;91.1;113.1;45.6;56.4;6.2;9.6;40.8;44;55.8;59.4;40.8;44;11.4;18.4;96.9;103.5;90;110;0.52;0.64
Male;6;6;Normal;115;149.999;124.5;148.7;0.81;0.97;0.4;0.48;105.5;127.1;52.8;63.4;6.2;9.4;41.3;44.7;55.1;58.5;41.3;44.7;10.3;16.7;96.9;103.5;90;110;0.52;0.64
Male;6;6;Fast;150;200;150.6;183.4;0.66;0.8;0.33;0.4;115.6;138.8;57.8;69.4;6;9.2;42.5;46.1;54;57.4;42.5;46.1;8;14.8;96.9;103.5;90;110;0.52;0.64
Male;7;7;Slow;85;114.999;103.2;125.6;0.95;1.17;0.47;0.58;94.5;116.5;47.4;58.2;6.3;10.5;40.3;44.3;55.3;59.5;40.3;44.3;10.8;19;96.9;103.5;90;110;0.52;0.64
Male;7;7;Normal;115;149.999;120.5;145.7;0.83;0.99;0.41;0.5;107.9;131.3;53.8;65.6;6.4;10.6;41.1;44.7;55.1;58.9;41.1;44.7;10.3;17.9;96.9;103.5;90;110;0.52;0.64
Male;7;7;Fast;150;200;141.5;183.1;0.66;0.84;0.33;0.42;118.2;142.6;59.1;71.3;6.1;10.3;41.8;46.2;53.6;58.4;41.8;46.2;8.1;15.5;96.9;103.5;90;110;0.52;0.64
Male;8;8;Slow;85;119.999;110.6;123.4;1;1.21;0.48;0.6;98.2;118.4;49;59.4;6.4;10.6;40.1;44.1;55.5;60.3;40.1;44.1;11.2;19.4;96.9;103.5;90;110;0.52;0.64
Male;8;8;Normal;120;149.999;119.1;142.5;0.84;1.01;0.42;0.51;114.7;137.1;57.5;68.7;5.8;10.2;41.1;44.9;55.2;59;41.1;44.9;10.4;17.6;96.9;103.5;90;110;0.52;0.64
Male;8;8;Fast;150;195;136;169.8;0.71;0.88;0.36;0.44;126.1;148.3;63;74.2;6.1;10.3;41.9;45.5;54.5;58.1;41.9;45.5;9;15.8;96.9;103.5;90;110;0.52;0.64
Male;9;9;Slow;85;114.999;97.7;118.9;1;1.23;0.5;0.61;100.3;124.9;50.1;62.5;7.2;11.4;39.6;43.4;56.1;59.9;39.6;43.4;12;19.6;96.9;103.5;90;110;0.52;0.64
Male;9;9;Normal;115;149.999;114.9;136.7;0.88;1.05;0.44;0.52;116.7;140.1;57.1;69.1;7;10.8;41;44.2;55.8;59.2;41;44.2;11.4;18.2;96.9;103.5;90;110;0.52;0.64
Male;9;9;Fast;150;200;132.1;159.9;0.75;0.91;0.38;0.46;130.7;155.9;65.4;78;7.1;10.5;41.9;44.9;55.1;58.1;41.9;44.9;9.8;15.9;96.9;103.5;90;110;0.52;0.64
Male;10;10;Slow;90;119.999;95.2;116.6;1.02;1.27;0.51;0.63;104.8;130.2;52.4;65;7;10.8;39.9;43.5;56.2;60.2;39.9;43.5;12.2;20;96.9;103.5;90;110;0.52;0.64
Male;10;10;Normal;120;159.999;113.6;133.2;0.91;1.06;0.45;0.53;122.4;147.4;61.1;73.7;7.1;11.1;40.8;44.6;55.4;59;40.8;44.6;10.7;18.1;96.9;103.5;90;110;0.52;0.64
Male;10;10;Fast;160;205;131;162.2;0.75;0.92;0.38;0.46;136.4;163.8;68.5;81.9;7;10.8;41.9;45.9;53.9;57.9;41.9;45.9;8.4;15.8;96.9;103.5;90;110;0.52;0.64
Male;11;11;Slow;90;119.999;97.3;111.7;1.07;1.24;0.54;0.62;109.7;130.9;54.8;65.4;6.8;11.2;38.7;42.7;57;61.2;38.7;42.7;14;22.4;96.9;103.5;90;110;0.52;0.64
Male;11;11;Normal;120;149.999;112.5;127.3;0.95;1.07;0.47;0.54;125.8;149;63;74.4;6.7;11.3;39.9;43.5;56.6;60;39.9;43.5;12.9;20.1;96.9;103.5;90;110;0.52;0.64
Male;11;11;Fast;150;205;123.8;150.8;0.8;0.97;0.4;0.48;139.6;171.4;69.8;85.6;6.9;11.1;40.9;44.7;55.2;59.2;40.9;44.7;10.7;18.1;96.9;103.5;90;110;0.52;0.64
Male;12;13;Slow;95;119.999;92.7;109.1;1.1;1.3;0.55;0.65;114.8;138.6;57.4;69.4;7;11.2;39.2;42.8;57.1;60.7;39.2;42.8;14.1;21.1;96.9;103.5;90;110;0.52;0.64
Male;12;13;Normal;120;149.999;106.9;122.3;0.98;1.12;0.49;0.56;129.3;160.7;64.7;80.5;6.8;10.6;40.1;43.5;56.5;59.7;40.1;43.5;12.8;19.4;96.9;103.5;90;110;0.52;0.64
Male;12;13;Fast;150;195;118.5;140.1;0.86;1.01;0.43;0.51;143.3;178.3;71.7;88.7;6.9;10.9;41.1;44.5;55.4;58.8;41.1;44.5;11.6;17.4;96.9;103.5;90;110;0.52;0.64
Male;14;17;Normal;113.5;133.7;107.4;120.8;0.99;1.12;0.5;0.56;123.4;136.6;61.7;68.3;6.3;10.5;38.2;40.2;59.8;61.8;38.2;40.2;19.5;23.9;96.9;103.5;90;110;0.52;0.64
Male;18;29;Slow;85;119.999;86.1;100.8;1.19;1.39;0.6;0.7;117.9;148.2;58.8;74.1;5.4;14.4;33.1;37.8;58.7;70.4;33.1;37.8;24.7;34;96.9;103.5;90;110;0.52;0.64
Male;18;29;Normal;120;164.999;99.1;113.1;1.06;1.21;0.53;0.61;135.1;165.7;67.4;82.9;8.2;13.5;34.8;39;58.1;68.1;34.8;39;22.2;30.6;96.9;103.5;90;110;0.52;0.64
Male;18;29;Fast;165;220;118.4;141.2;0.85;1.01;0.43;0.51;169.9;198.2;84.8;99;7;14;36.6;42.9;54.3;66.2;36.6;42.9;16.7;24.4;96.9;103.5;90;110;0.52;0.64
Male;30;39;Slow;85;119.999;81;104.3;1.15;1.48;0.58;0.74;121;148.9;60.2;74.6;6.1;13.9;31.4;39.8;55.6;73.2;31.4;39.8;22.9;34.8;96.9;103.5;90;110;0.52;0.64
Male;30;39;Normal;120;159.999;98.5;114.2;1.05;1.22;0.53;0.61;140.9;166.1;70.1;83.2;7.9;13.5;34.7;39.6;57.2;68.5;34.7;39.6;21.1;30.7;96.9;103.5;90;110;0.52;0.64
Male;30;39;Fast;160;210;114.8;134.1;0.9;1.04;0.45;0.52;164;196;81.3;98.3;8;13.7;36.4;42.5;55.2;65.9;36.4;42.5;17;25.8;96.9;103.5;90;110;0.52;0.64
Male;40;49;Slow;90;124.999;85.5;104.8;1.15;1.4;0.57;0.7;124.7;151.1;62.2;75.6;5.6;13.1;32.7;39.6;56.7;71.1;32.7;39.6;23.1;33;96.9;103.5;90;110;0.52;0.64
Male;40;49;Normal;125;159.999;100.8;113.9;1.06;1.19;0.53;0.6;141.6;168;70.6;84;6.9;13;35.1;39.7;58.3;66.9;35.1;39.7;21.9;28.7;96.9;103.5;90;110;0.52;0.64
Male;40;49;Fast;160;205;114.9;131.4;0.92;1.04;0.46;0.52;161.8;195.4;80.8;97.6;7.2;13;37.2;41.9;55.7;65.3;37.2;41.9;17.7;24.8;96.9;103.5;90;110;0.52;0.64
Male;50;59;Slow;85;119.999;80.5;102.8;1.17;1.49;0.58;0.75;121.6;153;60.7;76.6;6;13;32;39.7;55.3;73;32;39.7;22.3;34.8;96.9;103.5;90;110;0.52;0.64
Male;50;59;Normal;120;159.999;99.3;112.7;1.07;1.21;0.53;0.6;141;170.1;70.3;85.2;6.4;12.8;34.9;39.8;57.9;67.4;34.9;39.8;21.5;29.4;96.9;103.5;90;110;0.52;0.64
Male;50;59;Fast;160;210;113.1;133.5;0.9;1.06;0.45;0.53;164.5;196.4;82.1;98.3;5.9;13.1;36.4;42.3;54.7;66.6;36.4;42.3;17.2;25.9;96.9;103.5;90;110;0.52;0.64
Male;60;69;Slow;80;114.999;80.7;103.8;1.16;1.49;0.58;0.74;116.4;143.8;58;71.9;4.2;13.8;32;40.3;55.2;72.6;32;40.3;22.6;33.8;96.9;103.5;90;110;0.52;0.64
Male;60;69;Normal;115;149.999;98.3;116.6;1.03;1.22;0.52;0.61;131;160.8;65.4;80.4;5.4;13.7;34.2;40.1;57;68.7;34.2;40.1;22.1;30.1;96.9;103.5;90;110;0.52;0.64
Male;60;69;Fast;150;200;115.9;139.7;0.86;1.04;0.43;0.52;152.9;184.3;76.4;92.1;4.7;13.2;35.8;42.6;54.5;67.1;35.8;42.6;18.2;25.7;96.9;103.5;90;110;0.52;0.64
Male;70;74;Normal;101;133;94;110;1.1;1.26;0.54;0.64;125;153;61;77;6.7;12.7;35.1;38.1;61.1;65.3;35.3;38.9;23.3;29.3;96.9;103.5;90;110;0.52;0.64
Male;75;79;Normal;107;137;96;116;1.04;1.22;0.51;0.61;125;149;61;75;3.7;14.1;35.2;38.2;61.5;66.5;35.3;38.7;24.2;28.8;96.9;103.5;90;110;0.52;0.64
Male;80;84;Normal;95;129;95;111;1.08;1.24;0.55;0.63;114;148;57;73;7.2;15.2;33.8;39.4;61.1;66.5;34.3;38.7;22.7;32.1;96.9;103.5;90;110;0.52;0.64
Male;85;89;Normal;79;123;91;113;1.05;1.33;0.51;0.67;98;140;49;69;5.1;14.7;32.4;37.8;62.2;67.6;33.1;37.3;26.8;33.8;96.9;103.5;90;110;0.52;0.64
Female;1;1;Normal;56.77;107.33;147.9;214.8;0.56;0.81;0.28;0.41;45.8;61;22.9;30.5;7.1;12.8;;;;;;;9;24;96.9;103.5;90;110;0.52;0.64
Female;2;2;Normal;70.14;115.3;138.9;197.6;0.61;0.86;0.3;0.43;55.8;79.8;27.9;39.9;4.8;11.1;;;;;;;10;24;96.9;103.5;90;110;0.52;0.64
Female;3;3;Normal;76.96;120.12;135.3;177.6;0.68;0.89;0.34;0.44;58;111.6;29;55.8;2.5;11;;;;;;;15;23;96.9;103.5;90;110;0.52;0.64
Female;4;4;Normal;90.05;138.65;136.5;136.5;0.68;0.88;0.34;0.44;71.2;99;35.6;49.5;5.6;11.2;;;;;;;12;23;96.9;103.5;90;110;0.52;0.64
Female;5;5;Slow;80;109.999;108.1;135.9;0.88;1.11;0.44;0.55;85.5;105.7;42.7;52.7;6.3;9.5;40;43.8;55.8;60.2;40;43.8;12.4;19.8;96.9;103.5;90;110;0.52;0.64
Female;5;5;Normal;110;149.999;127.1;152.9;0.78;0.94;0.39;0.47;99.1;119.3;49.4;59.6;6;9.6;40.7;44.1;55.8;59.4;40.7;44.1;12.2;18;96.9;103.5;90;110;0.52;0.64
Female;5;5;Fast;150;190;155.4;184.6;0.65;0.78;0.32;0.39;112.5;130.9;56.2;65.2;5.7;10.1;42.4;45.6;54.3;58.1;42.4;45.6;9.1;15.3;96.9;103.5;90;110;0.52;0.64
Female;6;6;Slow;85;114.999;105.9;129.9;0.92;1.13;0.46;0.57;91.1;113.1;45.6;56.4;6.2;9.6;40.8;44;55.8;59.4;40.8;44;11.4;18.4;96.9;103.5;90;110;0.52;0.64
Female;6;6;Normal;115;149.999;124.5;148.7;0.81;0.97;0.4;0.48;105.5;127.1;52.8;63.4;6.2;9.4;41.3;44.7;55.1;58.5;41.3;44.7;10.3;16.7;96.9;103.5;90;110;0.52;0.64
Female;6;6;Fast;150;200;150.6;183.4;0.66;0.8;0.33;0.4;115.6;138.8;57.8;69.4;6;9.2;42.5;46.1;54;57.4;42.5;46.1;8;14.8;96.9;103.5;90;110;0.52;0.64
Female;7;7;Slow;85;114.999;103.2;125.6;0.95;1.17;0.47;0.58;94.5;116.5;47.4;58.2;6.3;10.5;40.3;44.3;55.3;59.5;40.3;44.3;10.8;19;96.9;103.5;90;110;0.52;0.64
Female;7;7;Normal;115;149.999;120.5;145.7;0.83;0.99;0.41;0.5;107.9;131.3;53.8;65.6;6.4;10.6;41.1;44.7;55.1;58.9;41.1;44.7;10.3;17.9;96.9;103.5;90;110;0.52;0.64
Female;7;7;Fast;150;200;141.5;183.1;0.66;0.84;0.33;0.42;118.2;142.6;59.1;71.3;6.1;10.3;41.8;46.2;53.6;58.4;41.8;46.2;8.1;15.5;96.9;103.5;90;110;0.52;0.64
Female;8;8;Slow;85;119.999;110.6;123.4;1;1.21;0.48;0.6;98.2;118.4;49;59.4;6.4;10.6;40.1;44.1;55.5;60.3;40.1;44.1;11.2;19.4;96.9;103.5;90;110;0.52;0.64
Female;8;8;Normal;120;149.999;119.1;142.5;0.84;1.01;0.42;0.51;114.7;137.1;57.5;68.7;5.8;10.2;41.1;44.9;55.2;59;41.1;44.9;10.4;17.6;96.9;103.5;90;110;0.52;0.64
Female;8;8;Fast;150;195;136;169.8;0.71;0.88;0.36;0.44;126.1;148.3;63;74.2;6.1;10.3;41.9;45.5;54.5;58.1;41.9;45.5;9;15.8;96.9;103.5;90;110;0.52;0.64
Female;9;9;Slow;85;114.999;97.7;118.9;1;1.23;0.5;0.61;100.3;124.9;50.1;62.5;7.2;11.4;39.6;43.4;56.1;59.9;39.6;43.4;12;19.6;96.9;103.5;90;110;0.52;0.64
Female;9;9;Normal;115;149.999;114.9;136.7;0.88;1.05;0.44;0.52;116.7;140.1;57.1;69.1;7;10.8;41;44.2;55.8;59.2;41;44.2;11.4;18.2;96.9;103.5;90;110;0.52;0.64
Female;9;9;Fast;150;200;132.1;159.9;0.75;0.91;0.38;0.46;130.7;155.9;65.4;78;7.1;10.5;41.9;44.9;55.1;58.1;41.9;44.9;9.8;15.9;96.9;103.5;90;110;0.52;0.64
Female;10;10;Slow;90;119.999;95.2;116.6;1.02;1.27;0.51;0.63;104.8;130.2;52.4;65;7;10.8;39.9;43.5;56.2;60.2;39.9;43.5;12.2;20;96.9;103.5;90;110;0.52;0.64
Female;10;10;Normal;120;159.999;113.6;133.2;0.91;1.06;0.45;0.53;122.4;147.4;61.1;73.7;7.1;11.1;40.8;44.6;55.4;59;40.8;44.6;10.7;18.1;96.9;103.5;90;110;0.52;0.64
Female;10;10;Fast;160;205;131;162.2;0.75;0.92;0.38;0.46;136.4;163.8;68.5;81.9;7;10.8;41.9;45.9;53.9;57.9;41.9;45.9;8.4;15.8;96.9;103.5;90;110;0.52;0.64
Female;11;11;Slow;90;119.999;97.3;111.7;1.07;1.24;0.54;0.62;109.7;130.9;54.8;65.4;6.8;11.2;38.7;42.7;57;61.2;38.7;42.7;14;22.4;96.9;103.5;90;110;0.52;0.64
Female;11;11;Normal;120;149.999;112.5;127.3;0.95;1.07;0.47;0.54;125.8;149;63;74.4;6.7;11.3;39.9;43.5;56.6;60;39.9;43.5;12.9;20.1;96.9;103.5;90;110;0.52;0.64
Female;11;11;Fast;150;205;123.8;150.8;0.8;0.97;0.4;0.48;139.6;171.4;69.8;85.6;6.9;11.1;40.9;44.7;55.2;59.2;40.9;44.7;10.7;18.1;96.9;103.5;90;110;0.52;0.64
Female;12;13;Slow;95;119.999;92.7;109.1;1.1;1.3;0.55;0.65;114.8;138.6;57.4;69.4;7;11.2;39.2;42.8;57.1;60.7;39.2;42.8;14.1;21.1;96.9;103.5;90;110;0.52;0.64
Female;12;13;Normal;120;149.999;106.9;122.3;0.98;1.12;0.49;0.56;129.3;160.7;64.7;80.5;6.8;10.6;40.1;43.5;56.5;59.7;40.1;43.5;12.8;19.4;96.9;103.5;90;110;0.52;0.64
Female;12;13;Fast;150;195;118.5;140.1;0.86;1.01;0.43;0.51;143.3;178.3;71.7;88.7;6.9;10.9;41.1;44.5;55.4;58.8;41.1;44.5;11.6;17.4;96.9;103.5;90;110;0.52;0.64
Female;14;17;Normal;113.5;133.7;107.4;120.8;0.99;1.12;0.5;0.56;123.4;136.6;61.7;68.3;6.3;10.5;38.2;40.2;59.8;61.8;38.2;40.2;19.5;23.9;96.9;103.5;90;110;0.52;0.64
Female;18;29;Slow;85;119.999;88.2;110.5;1.09;1.22;0.54;0.68;113.2;135.2;56.5;67.5;5.9;11.9;32.6;40.1;55.7;71.6;32.6;40.1;22.1;32.9;96.9;103.5;90;110;0.52;0.64
Female;18;29;Normal;120;164.999;107.1;124.3;0.97;1.04;0.48;0.56;130.6;152.9;65.1;76.4;6.1;11.9;35.6;40.8;56.3;67.3;35.6;40.8;19.6;28;96.9;103.5;90;110;0.52;0.64
Female;18;29;Fast;165;225;128.9;156.3;0.77;0.85;0.38;0.47;155.6;184.1;77.6;92;7.2;12;37.3;44.6;52.6;65.5;37.3;44.6;14.1;22.4;96.9;103.5;90;110;0.52;0.64
Female;30;39;Slow;80;119.999;91.6;109.9;1.09;1.2;0.55;0.66;104.4;135.5;52.1;67.8;4.8;13.2;32.9;38.9;57;71.3;32.9;38.9;22.4;34.6;96.9;103.5;90;110;0.52;0.64
Female;30;39;Normal;120;159.999;110.4;126.2;0.95;1.02;0.48;0.54;122.1;153.7;60.9;76.8;5.5;12.8;35.9;39.8;56.6;67.7;35.9;39.8;19.6;29.5;96.9;103.5;90;110;0.52;0.64
Female;30;39;Fast;160;215;131.6;151;0.79;0.85;0.4;0.46;143.5;178.7;71.6;89.3;5.6;12.9;37.8;42.5;54.4;65.3;37.8;42.5;15.1;24.7;96.9;103.5;90;110;0.52;0.64
Female;40;49;Slow;85;119.999;88;106.8;1.13;1.24;0.56;0.68;111.8;134.8;55.8;67.4;5.8;10.5;33;39.4;56.6;71;33;39.4;22.2;33.6;96.9;103.5;90;110;0.52;0.64
Female;40;49;Normal;120;159.999;110;123.2;0.98;1.03;0.49;0.55;128.2;154.9;63.9;77.4;5.7;11.3;35.9;40.4;57.6;66.1;35.9;40.4;20.1;27.7;96.9;103.5;90;110;0.52;0.64
Female;40;49;Fast;160;215;129.3;150.4;0.8;0.86;0.4;0.46;146.9;177.7;73.3;88.9;6;11.5;37.5;43.4;54.1;65;37.5;43.4;14.9;24.3;96.9;103.5;90;110;0.52;0.64
Female;50;59;Slow;75;114.999;81.7;110.2;1.09;1.28;0.54;0.73;108.1;130.6;53.9;65.4;6.3;11.4;31;39.8;53.6;75.6;31;39.8;22.1;37;96.9;103.5;90;110;0.52;0.64
Female;50;59;Normal;115;159.999;107.8;125.2;0.96;1.04;0.48;0.56;124.7;152.1;62.1;76;6;11.8;35.5;40.2;56.4;67.9;35.5;40.2;20;29.3;96.9;103.5;90;110;0.52;0.64
Female;50;59;Fast;160;215;128.9;155.6;0.77;0.85;0.39;0.47;141.6;173.7;70.6;86.8;4.4;12.9;36.7;43.2;53.4;66.7;36.7;43.2;15.9;25.1;96.9;103.5;90;110;0.52;0.64
Female;60;69;Slow;70;109.999;78.3;109.6;1.1;1.32;0.55;0.77;104.2;131.5;52;65.6;6.3;11.7;30.3;41.4;51.5;76.8;30.3;41.4;18.9;39.1;96.9;103.5;90;110;0.52;0.64
Female;60;69;Normal;110;149.999;105.9;122.2;0.98;1.06;0.49;0.57;118.1;148.8;58.9;74.3;5.4;11.8;35.8;39.6;55.9;68.7;35.8;39.6;18.9;31;96.9;103.5;90;110;0.52;0.64
Female;60;69;Fast;150;210;130.6;151;0.79;0.86;0.4;0.46;136.1;172.7;68;86.2;7.1;11.6;37.9;42.6;53.6;65.9;37.9;42.6;13.9;25.8;96.9;103.5;90;110;0.52;0.64
Female;70;74;Normal;96;136;93;133;0.93;1.19;0.47;0.59;106;140;52;70;3.5;10.5;34;39.2;60.2;66.4;33.8;40.2;23.1;31.1;96.9;103.5;90;110;0.52;0.64
Female;75;79;Normal;95;129;101;127;0.94;1.18;0.47;0.59;103;133;52;66;3.7;11.7;33.1;39.1;60.9;66.9;31;40.6;22;34.8;96.9;103.5;90;110;0.52;0.64
Female;80;84;Normal;86;116;101;119;1.01;1.19;0.5;0.6;97;125;48;62;3.8;12;33;38;61.9;67.1;33.2;38;24.4;33.6;96.9;103.5;90;110;0.52;0.64
Female;85;89;Normal;78;118;98;118;1.01;1.23;0.51;0.61;91;127;45;63;6.5;11.7;33.1;38.3;62;67;32.9;38.5;23.9;33.5;96.9;103.5;90;110;0.52;0.64
;;;;;;;;;;;;;;;;;;;;;;;;;;;;;
;;;;;;;;;;;;;;;;;;;;;;;;;;;;;
Normal data are indicated for +/- 1 SD;;;;;;;;;;;;;;;;;;;;;;;;;;;;;
;;;;;;;;;;;;;;;;;;;;;;;;;;;;;
References and calculations;;;;;;;;;;;;;;;;;;Differentiation M/F;;GAITRite Length;;;;;;;;;
;;;;;;;;;;;;;;;;;;;;;;;;;;;;;
1-4 years;;Dusing S.C. & Thorpe D.E. (2007). A normative sample of temporal and spatial gait parameters in children using the GAITRite electronic walkway. Gait & Posture; 25(1); 135-139.;;;;;;;;;;;;;;;;No;;3.66 m (12 ft);;;;;;;;;
;;;Stride Length (cm.); not given in the paper; approximated value by twice the Step Length (cm.);;;;;;;;;;;;;;;;;;;;;;;;
;;;Step Time (sec.); not given in the paper; approximated value from Cadence (steps/min.);;;;;;;;;;;;;;;;;;;;;;;;
;;;Stride Time (sec); not given in the paper; approximated value by Twice the Step Time (sec.);;;;;;;;;;;;;;;;;;;;;;;;
;;;;;;;;;;;;;;;;;;;;;;;;;;;;;
5-13 years;;Lythgo N. Wilson C. & Galea M. (2011). Basic gait and symmetry measures for primary school-aged children and youg adults. II: Walking at slow; free and fast speed. Gait & Posture; 33(1); 29-35.;;;;;;;;;;;;;;;;No;;4.27 m (14 ft);;;;;;;;;
;;;;;;;;;;;;;;;;;;;;;;;;;;;;;
14-17 years;;Gouelle A. et al. (under review). Evolution de la variabilité de la marche des débuts de la marche autonome à l’âge adulte : une base normative pour le Gait Variability Index chez l’enfant.;;;;;;;;;;;;;;;;No;;6.10 m (20 ft);;;;;;;;;
;;;;;;;;;;;;;;;;;;;;;;;;;;;;;
18-69 years;;GAITRite Normals Jefferson;;;;;;;;;;;;;;;;Yes;;;;;;;;;;;
;;;;;;;;;;;;;;;;;;;;;;;;;;;;;
70-89 years;;Hollman J.H. McDade E.M. & Petersen R.C. (2011). Normative spatiotemporal gait parameters in older adults. Gait & Posture; 34(1); 111-118.;;;;;;;;;;;;;;;;Yes;;5.60 m;;;;;;;;;
;;;;;;;;;;;;;;;;;;;;;;;;;;;;;
Bibliography and compilation done by A. Gouelle;;;;;;;;;;;;;;;;;;;;;;;;;;;;;
;;;;;;;;;;;;;;;;;;;;;;;;;;;;;
GVI;;Gouelle A. et al. (2013). The Gait Variability Index: A new way to quantify fluctuation magnitude of spatiotemporal parameters during gait. Gait & Posture;;;;;;;;;;;;;;;;;;;;;;;;;;;
;;;;;;;;;;;;;;;;;;;;;;;;;;;;;
SS COP Path Eff. %;;Evaluated from PKMAS data for normal data;;;;;;;;;;;;;;;;;;;;;;;;;;;
