  0.0000000e+000 -7.1502636e+000 -4.2254587e-001  6.3051718e+000
  2.0000000e+000 -6.9369805e+000 -4.2863850e-001  6.0797035e+000
  4.0000000e+000 -6.6903319e+000 -4.0339107e-001  5.8835497e+000
  6.0000000e+000 -6.6358494e+000 -5.0797186e-001  5.6199057e+000
  8.0000000e+000 -6.8133894e+000 -6.7541927e-001  5.4625508e+000
  1.0000000e+001 -6.9432656e+000 -7.5198853e-001  5.4392885e+000
  1.2000000e+001 -7.3403871e+000 -9.1784299e-001  5.5047011e+000
  1.4000000e+001 -7.3702930e+000 -9.1879460e-001  5.5327038e+000
  1.6000000e+001 -7.2460395e+000 -6.8284670e-001  5.8803461e+000
  1.8000000e+001 -6.9574112e+000 -5.5896545e-001  5.8394803e+000
  2.0000000e+001 -6.8160889e+000 -4.5397693e-001  5.9081351e+000
  2.2000000e+001 -6.7983379e+000 -4.6871097e-001  5.8609160e+000
  2.4000000e+001 -6.7827419e+000 -6.2814090e-001  5.5264601e+000
  2.6000000e+001 -6.9816271e+000 -7.7049132e-001  5.4406445e+000
  2.8000000e+001 -7.3027336e+000 -9.2097200e-001  5.4607895e+000
  3.0000000e+001 -7.6791231e+000 -1.1762556e+000  5.3266119e+000
  3.2000000e+001 -7.9432633e+000 -1.3996660e+000  5.1439314e+000
  3.4000000e+001 -8.1922363e+000 -1.6365557e+000  4.9191249e+000
  3.6000000e+001 -8.6282691e+000 -1.9491186e+000  4.7300319e+000
  3.8000000e+001 -8.8757675e+000 -2.1348303e+000  4.6061070e+000
  4.0000000e+001 -9.2886632e+000 -2.3781970e+000  4.5322692e+000
  4.2000000e+001 -9.4582092e+000 -2.4574093e+000  4.5433906e+000
  4.4000000e+001 -9.5481579e+000 -2.5030934e+000  4.5419712e+000
  4.6000000e+001 -9.4064577e+000 -2.3287276e+000  4.7490026e+000
  4.8000000e+001 -8.8839135e+000 -1.6655920e+000  5.5527294e+000
  5.0000000e+001 -7.9387513e+000 -7.1791318e-001  6.5029249e+000
  5.2000000e+001 -6.7571503e+000  6.4154330e-001  8.0402369e+000
  5.4000000e+001 -4.4326337e+000  2.6607289e+000  9.7540915e+000
  5.6000000e+001 -2.5760598e+000  4.4454445e+000  1.1466949e+001
  5.8000000e+001 -7.2432352e-001  5.9255385e+000  1.2575400e+001
  6.0000000e+001  3.9716721e-001  6.5036292e+000  1.2610091e+001
  6.2000000e+001  5.4578374e-001  6.1817206e+000  1.1817658e+001
  6.4000000e+001 -6.6042922e-001  4.9900469e+000  1.0640523e+001
  6.6000000e+001 -2.1264835e+000  3.7656068e+000  9.6576972e+000
  6.8000000e+001 -3.5379082e+000  2.5417791e+000  8.6214665e+000
  7.0000000e+001 -4.7543519e+000  1.7642314e+000  8.2828146e+000
  7.2000000e+001 -5.1286880e+000  1.5042973e+000  8.1372827e+000
  7.4000000e+001 -5.3617560e+000  1.4009303e+000  8.1636166e+000
  7.6000000e+001 -5.5458164e+000  1.2809660e+000  8.1077485e+000
  7.8000000e+001 -5.5411042e+000  1.2645711e+000  8.0702463e+000
  8.0000000e+001 -5.5253385e+000  1.2017729e+000  7.9288844e+000
  8.2000000e+001 -5.6823423e+000  1.0192877e+000  7.7209177e+000
  8.4000000e+001 -5.7350672e+000  8.6363399e-001  7.4623352e+000
  8.6000000e+001 -5.9672169e+000  6.4179896e-001  7.2508148e+000
  8.8000000e+001 -6.3283227e+000  2.3984363e-001  6.8080099e+000
  9.0000000e+001 -6.7901833e+000 -7.6454652e-002  6.6372739e+000
  9.2000000e+001 -7.1826553e+000 -3.0656739e-001  6.5695205e+000
  9.4000000e+001 -7.3315661e+000 -4.0946218e-001  6.5126418e+000
  9.6000000e+001 -7.2532269e+000 -3.6784527e-001  6.5175363e+000
  9.8000000e+001 -6.8418557e+000 -1.6295133e-001  6.5159531e+000
  1.0000000e+002 -6.7687132e+000 -1.2625730e-001  6.5161986e+000
