  0.0000000e+000 -9.7933588e+000 -4.5238117e+000  7.4573542e-001
  2.0000000e+000 -1.1829687e+001 -6.6373085e+000 -1.4449295e+000
  4.0000000e+000 -1.2987574e+001 -8.5492515e+000 -4.1109294e+000
  6.0000000e+000 -1.2539016e+001 -8.4860096e+000 -4.4330037e+000
  8.0000000e+000 -1.1202416e+001 -7.4668864e+000 -3.7313570e+000
  1.0000000e+001 -8.6099380e+000 -4.9487975e+000 -1.2876571e+000
  1.2000000e+001 -6.3987866e+000 -2.1865338e+000  2.0257190e+000
  1.4000000e+001 -4.7226413e+000 -3.6823530e-001  3.9861707e+000
  1.6000000e+001 -3.2927796e+000  1.1732772e+000  5.6393341e+000
  1.8000000e+001 -2.1131750e+000  2.0442860e+000  6.2017471e+000
  2.0000000e+001 -1.2119097e+000  2.9081974e+000  7.0283044e+000
  2.2000000e+001 -3.5435067e-001  3.8598659e+000  8.0740825e+000
  2.4000000e+001  6.3685240e-001  4.7566509e+000  8.8764494e+000
  2.6000000e+001  1.7384432e+000  5.8096233e+000  9.8808034e+000
  2.8000000e+001  2.6869848e+000  6.8715898e+000  1.1056195e+001
  3.0000000e+001  3.9201510e+000  8.0794330e+000  1.2238715e+001
  3.2000000e+001  4.9352620e+000  9.2198836e+000  1.3504505e+001
  3.4000000e+001  5.7014684e+000  1.0288153e+001  1.4874838e+001
  3.6000000e+001  6.3678285e+000  1.1311258e+001  1.6254687e+001
  3.8000000e+001  6.9301514e+000  1.2266864e+001  1.7603576e+001
  4.0000000e+001  7.8346830e+000  1.3328546e+001  1.8822410e+001
  4.2000000e+001  8.4277256e+000  1.4188640e+001  1.9949554e+001
  4.4000000e+001  9.0598626e+000  1.4867888e+001  2.0675913e+001
  4.6000000e+001  9.0896011e+000  1.5222477e+001  2.1355352e+001
  4.8000000e+001  8.9043210e+000  1.5131187e+001  2.1358053e+001
  5.0000000e+001  5.5614100e+000  1.3219715e+001  2.0878019e+001
  5.2000000e+001  2.4291230e+000  1.0941131e+001  1.9453139e+001
  5.4000000e+001 -6.1949649e+000  4.6513843e+000  1.5497734e+001
  5.6000000e+001 -1.4793996e+001 -3.0910867e+000  8.6118226e+000
  5.8000000e+001 -2.1818040e+001 -1.0083118e+001  1.6518044e+000
  6.0000000e+001 -3.0101462e+001 -1.9518968e+001 -8.9364731e+000
  6.2000000e+001 -3.0869357e+001 -2.3405857e+001 -1.5942357e+001
  6.4000000e+001 -2.9888638e+001 -2.3530154e+001 -1.7171671e+001
  6.6000000e+001 -2.6705318e+001 -2.0783381e+001 -1.4861443e+001
  6.8000000e+001 -2.3484493e+001 -1.7579116e+001 -1.1673738e+001
  7.0000000e+001 -1.6864875e+001 -1.2162559e+001 -7.4602422e+000
  7.2000000e+001 -1.3205199e+001 -8.6848456e+000 -4.1644924e+000
  7.4000000e+001 -9.8151969e+000 -5.4181576e+000 -1.0211183e+000
  7.6000000e+001 -7.5913115e+000 -3.6339517e+000  3.2340814e-001
  7.8000000e+001 -6.7048517e+000 -2.5786902e+000  1.5474713e+000
  8.0000000e+001 -5.7523198e+000 -1.5365123e+000  2.6792953e+000
  8.2000000e+001 -5.5871948e+000 -1.2759547e+000  3.0352854e+000
  8.4000000e+001 -5.8755798e+000 -1.5630358e+000  2.7495082e+000
  8.6000000e+001 -6.1670280e+000 -2.0837642e+000  1.9994996e+000
  8.8000000e+001 -6.2359179e+000 -2.2339445e+000  1.7680289e+000
  9.0000000e+001 -6.1563285e+000 -2.1243269e+000  1.9076746e+000
  9.2000000e+001 -6.2888453e+000 -1.7929636e+000  2.7029180e+000
  9.4000000e+001 -5.9367538e+000 -1.3797867e+000  3.1771804e+000
  9.6000000e+001 -6.6292204e+000 -2.0062786e+000  2.6166631e+000
  9.8000000e+001 -7.6168766e+000 -3.2150766e+000  1.1867233e+000
  1.0000000e+002 -8.5118204e+000 -4.1083743e+000  2.9507172e-001
