  0.0000000e+000 -2.1582578e+000  7.2101303e+000  1.6578518e+001
  2.0000000e+000 -3.5070612e+000  5.4758764e+000  1.4458814e+001
  4.0000000e+000 -6.7308834e+000  2.5206566e+000  1.1772197e+001
  6.0000000e+000 -1.0781731e+001 -1.8292828e+000  7.1231654e+000
  8.0000000e+000 -1.4369272e+001 -5.4164911e+000  3.5362902e+000
  1.0000000e+001 -1.6481036e+001 -8.3231768e+000 -1.6531731e-001
  1.2000000e+001 -1.6282244e+001 -8.4789599e+000 -6.7567568e-001
  1.4000000e+001 -1.3911281e+001 -6.6618141e+000  5.8765270e-001
  1.6000000e+001 -1.2212900e+001 -4.5161123e+000  3.1806752e+000
  1.8000000e+001 -1.0622981e+001 -2.3848333e+000  5.8533144e+000
  2.0000000e+001 -9.4752549e+000 -9.3090812e-001  7.6134387e+000
  2.2000000e+001 -9.2556592e+000 -2.2305891e-001  8.8095414e+000
  2.4000000e+001 -9.2541671e+000  1.5738997e-001  9.5689470e+000
  2.6000000e+001 -9.2447288e+000  2.4357417e-001  9.7318771e+000
  2.8000000e+001 -9.0305162e+000  2.2733191e-001  9.4851800e+000
  3.0000000e+001 -8.9353465e+000  1.4743786e-001  9.2302223e+000
  3.2000000e+001 -8.8513514e+000  1.6298715e-001  9.1773256e+000
  3.4000000e+001 -8.9107454e+000  1.5280009e-001  9.2163456e+000
  3.6000000e+001 -9.2523429e+000 -6.3566655e-002  9.1252095e+000
  3.8000000e+001 -9.2677673e+000  1.7344089e-004  9.2681142e+000
  4.0000000e+001 -9.1672616e+000  3.5076714e-001  9.8687959e+000
  4.2000000e+001 -8.6890295e+000  7.1254544e-001  1.0114120e+001
  4.4000000e+001 -8.0230011e+000  1.2544983e+000  1.0531998e+001
  4.6000000e+001 -7.0979191e+000  2.3738789e+000  1.1845677e+001
  4.8000000e+001 -5.8534261e+000  3.5242366e+000  1.2901899e+001
  5.0000000e+001 -4.8052159e+000  4.7371870e+000  1.4279590e+001
  5.2000000e+001 -3.4115340e+000  6.4173554e+000  1.6246245e+001
  5.4000000e+001 -1.0105402e+000  8.5644923e+000  1.8139525e+001
  5.6000000e+001  1.0070564e+000  1.0660228e+001  2.0313399e+001
  5.8000000e+001  1.7334153e+000  1.0958315e+001  2.0183216e+001
  6.0000000e+001  1.6797423e+000  9.8279859e+000  1.7976230e+001
  6.2000000e+001 -1.3002943e+000  6.8610786e+000  1.5022451e+001
  6.4000000e+001 -5.4054054e+000  3.0394080e+000  1.1484221e+001
  6.6000000e+001 -9.0763585e+000 -4.0951958e-001  8.2573193e+000
  6.8000000e+001 -1.0945946e+001 -2.4861178e+000  5.9737103e+000
  7.0000000e+001 -1.2895321e+001 -3.9213511e+000  5.0526187e+000
  7.2000000e+001 -1.3846913e+001 -4.5218415e+000  4.8032297e+000
  7.4000000e+001 -1.4183433e+001 -4.7441014e+000  4.6952302e+000
  7.6000000e+001 -1.4440922e+001 -5.1154705e+000  4.2099805e+000
  7.8000000e+001 -1.4574437e+001 -5.2787875e+000  4.0168624e+000
  8.0000000e+001 -1.4527027e+001 -5.1354525e+000  4.2561220e+000
  8.2000000e+001 -1.4382855e+001 -4.7018114e+000  4.9792319e+000
  8.4000000e+001 -1.4055447e+001 -3.8182639e+000  6.4189189e+000
  8.6000000e+001 -1.2669536e+001 -2.2431707e+000  8.1831948e+000
  8.8000000e+001 -1.0425732e+001 -2.1433979e-001  9.9970524e+000
  9.0000000e+001 -8.2327047e+000  2.0246230e+000  1.2281951e+001
  9.2000000e+001 -5.5807344e+000  3.9208438e+000  1.3422422e+001
  9.4000000e+001 -3.5819698e+000  5.6909752e+000  1.4963920e+001
  9.6000000e+001 -2.4218260e+000  6.7440578e+000  1.5909941e+001
  9.8000000e+001 -2.8429831e+000  6.6168081e+000  1.6076599e+001
  1.0000000e+002 -3.5251521e+000  6.1090456e+000  1.5743243e+001
