  0.0000000e+000 -2.8846349e+000  3.5720546e+000  1.0028744e+001
  2.0000000e+000 -2.7268559e+000  3.5955334e+000  9.9179228e+000
  4.0000000e+000 -2.3893489e+000  3.4984680e+000  9.3862849e+000
  6.0000000e+000 -2.2693338e+000  3.2318351e+000  8.7330039e+000
  8.0000000e+000 -2.6834812e+000  2.6812636e+000  8.0460084e+000
  1.0000000e+001 -2.9016030e+000  2.1912443e+000  7.2840916e+000
  1.2000000e+001 -3.2358476e+000  1.8184390e+000  6.8727256e+000
  1.4000000e+001 -3.4033611e+000  1.6945865e+000  6.7925340e+000
  1.6000000e+001 -3.4745326e+000  1.6879195e+000  6.8503716e+000
  1.8000000e+001 -3.5865343e+000  1.6930479e+000  6.9726302e+000
  2.0000000e+001 -3.5349731e+000  1.7197570e+000  6.9744871e+000
  2.2000000e+001 -3.5252860e+000  1.6410952e+000  6.8074765e+000
  2.4000000e+001 -3.5377681e+000  1.6370055e+000  6.8117791e+000
  2.6000000e+001 -3.2144318e+000  1.7689435e+000  6.7523189e+000
  2.8000000e+001 -3.0445134e+000  1.9067556e+000  6.8580246e+000
  3.0000000e+001 -2.9864050e+000  2.0148897e+000  7.0161843e+000
  3.2000000e+001 -2.9808082e+000  2.1130275e+000  7.2068632e+000
  3.4000000e+001 -2.9904806e+000  2.1526893e+000  7.2958592e+000
  3.6000000e+001 -2.9370415e+000  2.1773419e+000  7.2917253e+000
  3.8000000e+001 -3.2440429e+000  2.0352375e+000  7.3145178e+000
  4.0000000e+001 -2.9188046e+000  2.2451723e+000  7.4091492e+000
  4.2000000e+001 -2.4433006e+000  2.6622765e+000  7.7678537e+000
  4.4000000e+001 -1.8219745e+000  3.3360034e+000  8.4939812e+000
  4.6000000e+001 -1.3669128e+000  4.0054788e+000  9.3778704e+000
  4.8000000e+001 -9.9362774e-001  4.5387059e+000  1.0071040e+001
  5.0000000e+001 -8.7790043e-001  5.0391557e+000  1.0956212e+001
  5.2000000e+001 -1.2123507e+000  4.8907028e+000  1.0993756e+001
  5.4000000e+001 -1.9522686e+000  4.3511319e+000  1.0654532e+001
  5.6000000e+001 -2.8420074e+000  3.3767643e+000  9.5955361e+000
  5.8000000e+001 -3.8427839e+000  2.3852434e+000  8.6132706e+000
  6.0000000e+001 -4.4871667e+000  1.8183252e+000  8.1238170e+000
  6.2000000e+001 -5.0495125e+000  1.5650494e+000  8.1796113e+000
  6.4000000e+001 -5.1352843e+000  1.5183232e+000  8.1719306e+000
  6.6000000e+001 -5.0299790e+000  1.3915240e+000  7.8130271e+000
  6.8000000e+001 -5.0268640e+000  1.2230818e+000  7.4730277e+000
  7.0000000e+001 -4.7029921e+000  1.3007418e+000  7.3044756e+000
  7.2000000e+001 -4.4801702e+000  1.4485311e+000  7.3772325e+000
  7.4000000e+001 -4.2387201e+000  1.6642065e+000  7.5671332e+000
  7.6000000e+001 -3.9686546e+000  1.9860287e+000  7.9407120e+000
  7.8000000e+001 -3.4710861e+000  2.4469825e+000  8.3650510e+000
  8.0000000e+001 -3.2059634e+000  2.6124819e+000  8.4309271e+000
  8.2000000e+001 -3.1641536e+000  2.4662250e+000  8.0966036e+000
  8.4000000e+001 -3.3870511e+000  2.1503337e+000  7.6877184e+000
  8.6000000e+001 -3.5667780e+000  1.8597490e+000  7.2862760e+000
  8.8000000e+001 -3.8430104e+000  1.4181821e+000  6.6793745e+000
  9.0000000e+001 -3.6846398e+000  1.4050344e+000  6.4947086e+000
  9.2000000e+001 -3.3529009e+000  1.8461727e+000  7.0452462e+000
  9.4000000e+001 -3.1993383e+000  2.2605734e+000  7.7204852e+000
  9.6000000e+001 -2.5975502e+000  2.8250513e+000  8.2476529e+000
  9.8000000e+001 -2.6456621e+000  3.0536861e+000  8.7530344e+000
  1.0000000e+002 -2.5966851e+000  3.1137062e+000  8.8240975e+000
