  0.0000000e+000 -8.7718284e+000 -4.0362638e+000  6.9930070e-001
  2.0000000e+000 -1.0676071e+001 -6.3671226e+000 -2.0581739e+000
  4.0000000e+000 -1.3237718e+001 -8.6850233e+000 -4.1323291e+000
  6.0000000e+000 -1.4489376e+001 -9.7184270e+000 -4.9474780e+000
  8.0000000e+000 -1.4261346e+001 -9.1518536e+000 -4.0423611e+000
  1.0000000e+001 -1.2755427e+001 -7.5193183e+000 -2.2832096e+000
  1.2000000e+001 -1.0473870e+001 -5.3644009e+000 -2.5493171e-001
  1.4000000e+001 -8.6206561e+000 -3.2560628e+000  2.1085305e+000
  1.6000000e+001 -6.9001646e+000 -1.7615231e+000  3.3771185e+000
  1.8000000e+001 -5.4897025e+000 -2.7723265e-001  4.9352372e+000
  2.0000000e+001 -3.8834807e+000  1.1620837e+000  6.2076482e+000
  2.2000000e+001 -3.0188402e+000  1.9701131e+000  6.9590664e+000
  2.4000000e+001 -1.9743263e+000  2.9243811e+000  7.8230885e+000
  2.6000000e+001 -1.1846164e+000  3.5248979e+000  8.2344122e+000
  2.8000000e+001 -4.4766651e-001  4.2509199e+000  8.9495064e+000
  3.0000000e+001  3.1296094e-001  4.9449476e+000  9.5769342e+000
  3.2000000e+001  1.0580432e+000  5.6810910e+000  1.0304139e+001
  3.4000000e+001  1.5799516e+000  6.2855789e+000  1.0991206e+001
  3.6000000e+001  1.8283298e+000  6.7470186e+000  1.1665707e+001
  3.8000000e+001  2.0484415e+000  7.2011613e+000  1.2353881e+001
  4.0000000e+001  2.2606352e+000  7.4176100e+000  1.2574585e+001
  4.2000000e+001  2.4186927e+000  7.5721735e+000  1.2725654e+001
  4.4000000e+001  2.4673306e+000  7.6068474e+000  1.2746364e+001
  4.6000000e+001  2.3620273e+000  7.3546969e+000  1.2347366e+001
  4.8000000e+001  1.9444699e+000  6.9902615e+000  1.2036053e+001
  5.0000000e+001  8.1074058e-001  5.8943849e+000  1.0978029e+001
  5.2000000e+001 -1.5039760e+000  4.0345045e+000  9.5729851e+000
  5.4000000e+001 -6.4333139e+000  3.6083558e-001  7.1549851e+000
  5.6000000e+001 -1.0857807e+001 -3.8094517e+000  3.2389034e+000
  5.8000000e+001 -1.6043061e+001 -8.5402893e+000 -1.0375174e+000
  6.0000000e+001 -2.0449139e+001 -1.3565433e+001 -6.6817278e+000
  6.2000000e+001 -2.1069022e+001 -1.5303102e+001 -9.5371815e+000
  6.4000000e+001 -2.0656760e+001 -1.5353560e+001 -1.0050360e+001
  6.6000000e+001 -1.9698375e+001 -1.4282966e+001 -8.8675566e+000
  6.8000000e+001 -1.7200708e+001 -1.1867730e+001 -6.5347518e+000
  7.0000000e+001 -1.3869203e+001 -9.1367973e+000 -4.4043919e+000
  7.2000000e+001 -1.0687553e+001 -5.9719141e+000 -1.2562751e+000
  7.4000000e+001 -8.2771289e+000 -3.4342183e+000  1.4086922e+000
  7.6000000e+001 -6.6391808e+000 -2.0610645e+000  2.5170517e+000
  7.8000000e+001 -5.6696276e+000 -9.6840412e-001  3.7328194e+000
  8.0000000e+001 -5.3443602e+000 -4.3664678e-001  4.4710667e+000
  8.2000000e+001 -4.9815280e+000 -4.7539893e-002  4.8864482e+000
  8.4000000e+001 -4.9089890e+000  1.0631799e-001  5.1216250e+000
  8.6000000e+001 -4.6662090e+000  2.8827493e-001  5.2427589e+000
  8.8000000e+001 -3.8660521e+000  7.7424382e-001  5.4145397e+000
  9.0000000e+001 -3.1299694e+000  1.3816905e+000  5.8933504e+000
  9.2000000e+001 -2.8150187e+000  1.7272951e+000  6.2696089e+000
  9.4000000e+001 -2.7209921e+000  1.4749992e+000  5.6709905e+000
  9.6000000e+001 -3.7730501e+000  5.7254443e-001  4.9181390e+000
  9.8000000e+001 -5.6570439e+000 -1.3465614e+000  2.9639212e+000
  1.0000000e+002 -7.3566434e+000 -3.0086214e+000  1.3394006e+000
