  0.0000000e+000 -4.0099707e+000 -1.8645301e+000  2.8091051e-001
  2.0000000e+000 -4.0544392e+000 -1.8280891e+000  3.9826108e-001
  4.0000000e+000 -4.0577812e+000 -1.7774427e+000  5.0289573e-001
  6.0000000e+000 -3.9726425e+000 -1.4303905e+000  1.1118616e+000
  8.0000000e+000 -3.5287587e+000 -9.2008489e-001  1.6885889e+000
  1.0000000e+001 -3.1658849e+000 -4.1908599e-001  2.3277129e+000
  1.2000000e+001 -2.8848516e+000 -2.4378552e-001  2.3972806e+000
  1.4000000e+001 -3.0020910e+000 -4.7727162e-001  2.0475477e+000
  1.6000000e+001 -3.3803579e+000 -8.4550514e-001  1.6893477e+000
  1.8000000e+001 -3.6469094e+000 -1.2130790e+000  1.2207514e+000
  2.0000000e+001 -3.6502151e+000 -1.2422395e+000  1.1657361e+000
  2.2000000e+001 -3.6514183e+000 -1.2346331e+000  1.1821521e+000
  2.4000000e+001 -3.6647793e+000 -1.2536404e+000  1.1574985e+000
  2.6000000e+001 -3.7177144e+000 -1.2930108e+000  1.1316929e+000
  2.8000000e+001 -3.7729855e+000 -1.3242325e+000  1.1245205e+000
  3.0000000e+001 -3.7810965e+000 -1.3540755e+000  1.0729455e+000
  3.2000000e+001 -3.3727300e+000 -1.1499183e+000  1.0728935e+000
  3.4000000e+001 -3.1701394e+000 -1.0116808e+000  1.1467777e+000
  3.6000000e+001 -3.1631383e+000 -1.0278377e+000  1.1074630e+000
  3.8000000e+001 -3.2021497e+000 -8.0975609e-001  1.5826375e+000
  4.0000000e+001 -3.2484553e+000 -7.8042328e-001  1.6876087e+000
  4.2000000e+001 -3.2837025e+000 -8.2000182e-001  1.6436988e+000
  4.4000000e+001 -3.3041050e+000 -9.9113790e-001  1.3218292e+000
  4.6000000e+001 -3.2648444e+000 -1.0913367e+000  1.0821711e+000
  4.8000000e+001 -3.5135701e+000 -1.4285298e+000  6.5651062e-001
  5.0000000e+001 -3.8149809e+000 -1.8024220e+000  2.1013694e-001
  5.2000000e+001 -3.9552958e+000 -2.0367767e+000 -1.1825773e-001
  5.4000000e+001 -4.1099136e+000 -2.2680912e+000 -4.2626873e-001
  5.6000000e+001 -4.0683764e+000 -2.0898431e+000 -1.1130973e-001
  5.8000000e+001 -4.0677211e+000 -1.7193928e+000  6.2893550e-001
  6.0000000e+001 -4.1243996e+000 -1.0950571e+000  1.9342854e+000
  6.2000000e+001 -4.5517302e+000 -9.5290451e-001  2.6459212e+000
  6.4000000e+001 -5.6495328e+000 -1.4200474e+000  2.8094380e+000
  6.6000000e+001 -7.0363401e+000 -2.6505792e+000  1.7351818e+000
  6.8000000e+001 -7.2365611e+000 -3.3339738e+000  5.6861355e-001
  7.0000000e+001 -7.2066378e+000 -3.8950767e+000 -5.8351553e-001
  7.2000000e+001 -6.2363306e+000 -3.3072609e+000 -3.7819121e-001
  7.4000000e+001 -4.9535538e+000 -1.7910387e+000  1.3714764e+000
  7.6000000e+001 -3.7646279e+000 -7.8458922e-002  3.6077100e+000
  7.8000000e+001 -2.0941713e+000  1.7977181e+000  5.6896075e+000
  8.0000000e+001 -1.2241769e+000  2.7589000e+000  6.7419770e+000
  8.2000000e+001 -1.6224737e+000  2.9866971e+000  7.5958679e+000
  8.4000000e+001 -2.5967964e+000  2.3411639e+000  7.2791242e+000
  8.6000000e+001 -3.9383054e+000  8.5103808e-001  5.6403815e+000
  8.8000000e+001 -4.8038237e+000 -7.2265091e-001  3.3585219e+000
  9.0000000e+001 -5.3305059e+000 -2.1356125e+000  1.0592810e+000
  9.2000000e+001 -5.1233533e+000 -2.2311813e+000  6.6099064e-001
  9.4000000e+001 -4.6943071e+000 -1.9877138e+000  7.1887958e-001
  9.6000000e+001 -4.3493306e+000 -1.6070343e+000  1.1352620e+000
  9.8000000e+001 -3.9754087e+000 -1.3511407e+000  1.2731273e+000
  1.0000000e+002 -3.7897150e+000 -1.2637008e+000  1.2623133e+000
