  0.0000000e+000 -6.4822769e+000 -6.5090786e-001  5.1804612e+000
  2.0000000e+000 -7.8937284e+000 -1.8757839e+000  4.1421606e+000
  4.0000000e+000 -9.0446271e+000 -2.7411802e+000  3.5622668e+000
  6.0000000e+000 -9.3915782e+000 -3.0412239e+000  3.3091303e+000
  8.0000000e+000 -9.8871701e+000 -3.2830300e+000  3.3211102e+000
  1.0000000e+001 -1.0281196e+001 -3.6425941e+000  2.9960077e+000
  1.2000000e+001 -1.0659271e+001 -4.1876641e+000  2.2839430e+000
  1.4000000e+001 -1.0794050e+001 -4.5734995e+000  1.6470515e+000
  1.6000000e+001 -1.0772633e+001 -4.6719798e+000  1.4286732e+000
  1.8000000e+001 -1.0484663e+001 -4.6376906e+000  1.2092816e+000
  2.0000000e+001 -1.0195941e+001 -4.5201655e+000  1.1556095e+000
  2.2000000e+001 -9.9253661e+000 -4.4457092e+000  1.0339478e+000
  2.4000000e+001 -9.9310178e+000 -4.6672451e+000  5.9652755e-001
  2.6000000e+001 -1.0014698e+001 -4.9168363e+000  1.8102582e-001
  2.8000000e+001 -1.0250441e+001 -5.2624266e+000 -2.7441220e-001
  3.0000000e+001 -1.0488086e+001 -5.4691745e+000 -4.5026290e-001
  3.2000000e+001 -1.0728265e+001 -5.5650512e+000 -4.0183768e-001
  3.4000000e+001 -1.0688406e+001 -5.5590941e+000 -4.2978268e-001
  3.6000000e+001 -1.0822576e+001 -5.5666113e+000 -3.1064656e-001
  3.8000000e+001 -1.0747813e+001 -5.3522009e+000  4.3410927e-002
  4.0000000e+001 -1.0422989e+001 -4.9581127e+000  5.0676389e-001
  4.2000000e+001 -9.8856269e+000 -4.3389901e+000  1.2076467e+000
  4.4000000e+001 -9.3229896e+000 -3.7597555e+000  1.8034787e+000
  4.6000000e+001 -8.4098286e+000 -2.7899539e+000  2.8299209e+000
  4.8000000e+001 -7.5419337e+000 -1.8408225e+000  3.8602887e+000
  5.0000000e+001 -5.7408401e+000  4.3880157e-002  5.8286004e+000
  5.2000000e+001 -4.0240010e+000  1.6925615e+000  7.4091241e+000
  5.4000000e+001 -2.3766726e+000  3.3662288e+000  9.1091302e+000
  5.6000000e+001 -5.1840873e-001  4.8617009e+000  1.0241810e+001
  5.8000000e+001  4.8363525e-001  5.5664571e+000  1.0649279e+001
  6.0000000e+001  9.1340646e-001  5.8061915e+000  1.0698977e+001
  6.2000000e+001  4.5155680e-001  5.3864478e+000  1.0321339e+001
  6.4000000e+001 -8.1794804e-001  4.5161596e+000  9.8502671e+000
  6.6000000e+001 -2.1386201e+000  3.4152075e+000  8.9690351e+000
  6.8000000e+001 -3.3064859e+000  2.4317620e+000  8.1700100e+000
  7.0000000e+001 -3.9819894e+000  1.6559198e+000  7.2938290e+000
  7.2000000e+001 -4.6737586e+000  7.2674511e-001  6.1272488e+000
  7.4000000e+001 -5.2094802e+000 -2.0172270e-002  5.1691356e+000
  7.6000000e+001 -5.6316937e+000 -5.6020774e-001  4.5112782e+000
  7.8000000e+001 -5.8816206e+000 -7.8593522e-001  4.3097501e+000
  8.0000000e+001 -5.9259070e+000 -8.7753079e-001  4.1708454e+000
  8.2000000e+001 -5.9173865e+000 -8.8234705e-001  4.1526924e+000
  8.4000000e+001 -5.6538301e+000 -6.9636521e-001  4.2610997e+000
  8.6000000e+001 -5.3614915e+000 -5.0296359e-001  4.3555643e+000
  8.8000000e+001 -4.9733255e+000 -3.0499303e-001  4.3633394e+000
  9.0000000e+001 -4.7084789e+000 -1.4138884e-001  4.4257012e+000
  9.2000000e+001 -4.2660704e+000  1.6874787e-001  4.6035661e+000
  9.4000000e+001 -4.1427152e+000  2.8348125e-001  4.7096777e+000
  9.6000000e+001 -4.5880114e+000  2.0882417e-001  5.0056598e+000
  9.8000000e+001 -5.3112357e+000 -2.6103368e-001  4.7891683e+000
  1.0000000e+002 -6.1014032e+000 -6.9989356e-001  4.7016161e+000
