  0.0000000e+000 -5.0371367e+000 -6.7500899e-001  3.6871187e+000
  2.0000000e+000 -4.7712379e+000 -4.7308707e-001  3.8250637e+000
  4.0000000e+000 -4.1214183e+000 -1.0179499e-001  3.9178283e+000
  6.0000000e+000 -3.1564960e+000  5.7416463e-001  4.3048252e+000
  8.0000000e+000 -2.2153532e+000  1.4428237e+000  5.1010006e+000
  1.0000000e+001 -1.6159415e+000  2.1614193e+000  5.9387801e+000
  1.2000000e+001 -1.2209566e+000  2.6816056e+000  6.5841679e+000
  1.4000000e+001 -1.1763073e+000  2.5601721e+000  6.2966515e+000
  1.6000000e+001 -1.6446300e+000  2.0799052e+000  5.8044404e+000
  1.8000000e+001 -2.1542343e+000  1.6498056e+000  5.4538455e+000
  2.0000000e+001 -2.3260165e+000  1.3894564e+000  5.1049294e+000
  2.2000000e+001 -2.2691783e+000  1.4638780e+000  5.1969342e+000
  2.4000000e+001 -2.3276297e+000  1.5083555e+000  5.3443407e+000
  2.6000000e+001 -2.2675139e+000  1.7191293e+000  5.7057725e+000
  2.8000000e+001 -1.6626287e+000  2.2164491e+000  6.0955268e+000
  3.0000000e+001 -1.2247993e+000  2.5777405e+000  6.3802803e+000
  3.2000000e+001 -6.1575705e-001  3.1683963e+000  6.9525497e+000
  3.4000000e+001 -1.7417232e-001  3.6500904e+000  7.4743531e+000
  3.6000000e+001  1.6389647e-001  4.0373235e+000  7.9107506e+000
  3.8000000e+001  6.5283009e-001  4.5331002e+000  8.4133703e+000
  4.0000000e+001  1.3327803e+000  5.2697347e+000  9.2066891e+000
  4.2000000e+001  1.8333765e+000  5.9744700e+000  1.0115563e+001
  4.4000000e+001  2.3235891e+000  6.5343431e+000  1.0745097e+001
  4.6000000e+001  2.7219627e+000  7.2498560e+000  1.1777749e+001
  4.8000000e+001  2.7483408e+000  7.4343871e+000  1.2120433e+001
  5.0000000e+001  1.7737297e+000  7.0541421e+000  1.2334555e+001
  5.2000000e+001 -1.0389551e-002  5.9327047e+000  1.1875799e+001
  5.4000000e+001 -3.4438570e+000  3.5472962e+000  1.0538449e+001
  5.6000000e+001 -7.7726729e+000  5.0938063e-002  7.8745490e+000
  5.8000000e+001 -1.1852076e+001 -4.0282068e+000  3.7956619e+000
  6.0000000e+001 -1.4087035e+001 -7.4093522e+000 -7.3166906e-001
  6.2000000e+001 -1.3469087e+001 -8.8229621e+000 -4.1768375e+000
  6.4000000e+001 -1.1614113e+001 -8.4212568e+000 -5.2284004e+000
  6.6000000e+001 -9.9352235e+000 -7.1573345e+000 -4.3794455e+000
  6.8000000e+001 -8.4107677e+000 -5.5599950e+000 -2.7092222e+000
  7.0000000e+001 -7.2539841e+000 -4.0895158e+000 -9.2504737e-001
  7.2000000e+001 -6.7426345e+000 -3.1625778e+000  4.1747886e-001
  7.4000000e+001 -6.2469964e+000 -2.6164866e+000  1.0140232e+000
  7.6000000e+001 -5.5795886e+000 -2.0537664e+000  1.4720559e+000
  7.8000000e+001 -5.0834916e+000 -1.6231196e+000  1.8372524e+000
  8.0000000e+001 -4.9611441e+000 -1.3520922e+000  2.2569596e+000
  8.2000000e+001 -5.5690393e+000 -1.6545719e+000  2.2598956e+000
  8.4000000e+001 -5.9080758e+000 -2.0109444e+000  1.8861869e+000
  8.6000000e+001 -6.6109106e+000 -2.8076964e+000  9.9551772e-001
  8.8000000e+001 -7.1515438e+000 -3.5538516e+000  4.3840624e-002
  9.0000000e+001 -7.6366654e+000 -3.9606377e+000 -2.8461006e-001
  9.2000000e+001 -7.6002937e+000 -3.8172439e+000 -3.4194067e-002
  9.4000000e+001 -7.3756692e+000 -3.3855764e+000  6.0451650e-001
  9.6000000e+001 -6.6449201e+000 -2.5440952e+000  1.5567296e+000
  9.8000000e+001 -5.6885563e+000 -1.8055944e+000  2.0773675e+000
  1.0000000e+002 -5.2365508e+000 -1.3904895e+000  2.4555718e+000
