  0.0000000e+000  6.6292686e+000  1.4602730e+001  2.2576191e+001
  2.0000000e+000  5.8820766e+000  1.3201867e+001  2.0521657e+001
  4.0000000e+000  4.5278575e+000  1.0310149e+001  1.6092441e+001
  6.0000000e+000  2.0334498e+000  7.1690578e+000  1.2304666e+001
  8.0000000e+000 -1.6244049e+000  3.7315725e+000  9.0875498e+000
  1.0000000e+001 -5.1095199e+000  9.3291704e-001  6.9753540e+000
  1.2000000e+001 -6.6801159e+000 -4.6797800e-001  5.7441599e+000
  1.4000000e+001 -6.9365536e+000 -6.7036532e-001  5.5958230e+000
  1.6000000e+001 -6.4966218e+000 -5.4473753e-001  5.4071467e+000
  1.8000000e+001 -6.0565005e+000 -2.2131223e-001  5.6138760e+000
  2.0000000e+001 -5.5568196e+000  3.4943009e-002  5.6267056e+000
  2.2000000e+001 -5.2193534e+000  1.0643053e-001  5.4322144e+000
  2.4000000e+001 -5.4743647e+000 -1.3401072e-001  5.2063432e+000
  2.6000000e+001 -5.9619276e+000 -4.0795721e-001  5.1460132e+000
  2.8000000e+001 -6.5863257e+000 -9.0336583e-001  4.7795940e+000
  3.0000000e+001 -7.0271703e+000 -1.2164791e+000  4.5942122e+000
  3.2000000e+001 -7.2619062e+000 -1.3853584e+000  4.4911894e+000
  3.4000000e+001 -7.3704013e+000 -1.3347589e+000  4.7008834e+000
  3.6000000e+001 -7.3958493e+000 -1.1371796e+000  5.1214901e+000
  3.8000000e+001 -7.3929258e+000 -9.1887744e-001  5.5551709e+000
  4.0000000e+001 -6.3792203e+000 -5.0559207e-002  6.2781019e+000
  4.2000000e+001 -5.6034165e+000  9.6388478e-001  7.5311861e+000
  4.4000000e+001 -4.1525034e+000  2.3203615e+000  8.7932264e+000
  4.6000000e+001 -2.5849050e+000  4.1610673e+000  1.0907040e+001
  4.8000000e+001 -4.3026362e-001  6.8444854e+000  1.4119234e+001
  5.0000000e+001  1.7419006e+000  9.1651014e+000  1.6588302e+001
  5.2000000e+001  4.4736800e+000  1.4459629e+001  2.4445579e+001
  5.4000000e+001  8.7547873e+000  2.0529677e+001  3.2304567e+001
  5.6000000e+001  1.4632819e+001  2.7244271e+001  3.9855722e+001
  5.8000000e+001  1.8751671e+001  3.2029494e+001  4.5307317e+001
  6.0000000e+001  2.1331607e+001  3.3177468e+001  4.5023330e+001
  6.2000000e+001  2.0176756e+001  3.1331812e+001  4.2486869e+001
  6.4000000e+001  1.6804289e+001  2.7837981e+001  3.8871673e+001
  6.6000000e+001  1.2509792e+001  2.2740595e+001  3.2971397e+001
  6.8000000e+001  8.6547922e+000  1.8133600e+001  2.7612408e+001
  7.0000000e+001  6.0965006e+000  1.4687478e+001  2.3278456e+001
  7.2000000e+001  5.1098612e+000  1.2338949e+001  1.9568037e+001
  7.4000000e+001  4.2547958e+000  1.0958923e+001  1.7663049e+001
  7.6000000e+001  3.8622148e+000  1.0191368e+001  1.6520521e+001
  7.8000000e+001  3.8484610e+000  9.7223886e+000  1.5596316e+001
  8.0000000e+001  3.6917106e+000  9.0035193e+000  1.4315328e+001
  8.2000000e+001  3.5452583e+000  8.4578865e+000  1.3370515e+001
  8.4000000e+001  3.2718220e+000  8.1737700e+000  1.3075718e+001
  8.6000000e+001  3.1746483e+000  8.0024799e+000  1.2830312e+001
  8.8000000e+001  2.8711018e+000  7.9275266e+000  1.2983951e+001
  9.0000000e+001  3.7809199e+000  8.6883897e+000  1.3595859e+001
  9.2000000e+001  5.1416158e+000  9.7981677e+000  1.4454720e+001
  9.4000000e+001  6.7797431e+000  1.1401865e+001  1.6023988e+001
  9.6000000e+001  7.6537556e+000  1.2472885e+001  1.7292014e+001
  9.8000000e+001  7.1829165e+000  1.2691053e+001  1.8199189e+001
  1.0000000e+002  6.3992793e+000  1.2422186e+001  1.8445092e+001
