  0.0000000e+000 -2.3294411e-001  7.7423504e+000  1.5717645e+001
  2.0000000e+000 -1.4497488e+000  6.0939864e+000  1.3637722e+001
  4.0000000e+000 -3.9051585e+000  3.3738755e+000  1.0652910e+001
  6.0000000e+000 -8.0761708e+000 -9.3672644e-001  6.2027179e+000
  8.0000000e+000 -1.1529126e+001 -4.9173842e+000  1.6943575e+000
  1.0000000e+001 -1.3722578e+001 -7.5814849e+000 -1.4403913e+000
  1.2000000e+001 -1.3752868e+001 -7.9264217e+000 -2.0999751e+000
  1.4000000e+001 -1.1987421e+001 -6.1552569e+000 -3.2309251e-001
  1.6000000e+001 -1.0183875e+001 -3.9021633e+000  2.3795489e+000
  1.8000000e+001 -8.8087093e+000 -2.2991315e+000  4.2104463e+000
  2.0000000e+001 -7.8178610e+000 -8.2203748e-001  6.1737861e+000
  2.2000000e+001 -7.6586710e+000 -4.0496158e-002  7.5776787e+000
  2.4000000e+001 -7.7056132e+000  1.4173190e-001  7.9890770e+000
  2.6000000e+001 -7.7154705e+000  4.9859127e-001  8.7126530e+000
  2.8000000e+001 -7.5429669e+000  7.1628802e-001  8.9755429e+000
  3.0000000e+001 -7.2482103e+000  8.9938802e-001  9.0469864e+000
  3.2000000e+001 -6.9977829e+000  1.1911659e+000  9.3801148e+000
  3.4000000e+001 -6.9740856e+000  1.2040443e+000  9.3821741e+000
  3.6000000e+001 -7.0436757e+000  1.2291646e+000  9.5020049e+000
  3.8000000e+001 -6.8718519e+000  1.5478817e+000  9.9676152e+000
  4.0000000e+001 -6.2389044e+000  2.1815213e+000  1.0601947e+001
  4.2000000e+001 -5.7043969e+000  2.7802072e+000  1.1264811e+001
  4.4000000e+001 -4.9414297e+000  3.5075521e+000  1.1956534e+001
  4.6000000e+001 -4.2660862e+000  4.0053106e+000  1.2276707e+001
  4.8000000e+001 -3.3676342e+000  4.5727845e+000  1.2513203e+001
  5.0000000e+001 -2.6882476e+000  5.0528420e+000  1.2793932e+001
  5.2000000e+001 -2.4126385e+000  5.2867865e+000  1.2986212e+001
  5.4000000e+001 -2.3119645e+000  5.3814357e+000  1.3074836e+001
  5.6000000e+001 -2.2685820e+000  5.1270051e+000  1.2522592e+001
  5.8000000e+001 -3.0379637e+000  4.2104989e+000  1.1458962e+001
  6.0000000e+001 -4.6842016e+000  2.3710895e+000  9.4263806e+000
  6.2000000e+001 -7.3671668e+000 -2.2086159e-001  6.9254437e+000
  6.4000000e+001 -1.0281388e+001 -2.6201612e+000  5.0410656e+000
  6.6000000e+001 -1.1835607e+001 -4.3983689e+000  3.0388694e+000
  6.8000000e+001 -1.2917290e+001 -5.6564856e+000  1.6043185e+000
  7.0000000e+001 -1.2999180e+001 -5.8488253e+000  1.3015293e+000
  7.2000000e+001 -1.3080617e+001 -5.9720157e+000  1.1365856e+000
  7.4000000e+001 -1.3052408e+001 -6.0107098e+000  1.0309887e+000
  7.6000000e+001 -1.3694686e+001 -6.4035515e+000  8.8758267e-001
  7.8000000e+001 -1.3995731e+001 -6.5789138e+000  8.3790351e-001
  8.0000000e+001 -1.4057553e+001 -6.4863398e+000  1.0848737e+000
  8.2000000e+001 -1.3697945e+001 -5.9207954e+000  1.8563546e+000
  8.4000000e+001 -1.2662267e+001 -4.8360976e+000  2.9900714e+000
  8.6000000e+001 -1.1367246e+001 -3.2748803e+000  4.8174854e+000
  8.8000000e+001 -8.7036725e+000 -1.0424549e+000  6.6187627e+000
  9.0000000e+001 -5.4019706e+000  1.6908201e+000  8.7836108e+000
  9.2000000e+001 -2.7772297e+000  3.9135331e+000  1.0604296e+001
  9.4000000e+001 -1.2467000e+000  5.7825415e+000  1.2811783e+001
  9.6000000e+001 -3.4593683e-001  6.9409798e+000  1.4227897e+001
  9.8000000e+001 -1.5321149e+000  6.6198444e+000  1.4771804e+001
  1.0000000e+002 -2.2681957e+000  5.9087731e+000  1.4085742e+001
