  0.0000000e+000 -2.1854305e-001  4.2243061e+000  8.6671553e+000
  2.0000000e+000  2.6638977e+000  6.9161604e+000  1.1168423e+001
  4.0000000e+000  5.8110234e+000  1.0325000e+001  1.4838976e+001
  6.0000000e+000  8.7551393e+000  1.3403264e+001  1.8051389e+001
  8.0000000e+000  1.0842864e+001  1.5876301e+001  2.0909739e+001
  1.0000000e+001  1.1986501e+001  1.7419686e+001  2.2852871e+001
  1.2000000e+001  1.2476104e+001  1.8155741e+001  2.3835379e+001
  1.4000000e+001  1.1840554e+001  1.7933547e+001  2.4026541e+001
  1.6000000e+001  1.0634787e+001  1.6354944e+001  2.2075101e+001
  1.8000000e+001  9.3435028e+000  1.4829474e+001  2.0315444e+001
  2.0000000e+001  8.1542961e+000  1.3222099e+001  1.8289901e+001
  2.2000000e+001  6.5568946e+000  1.1171557e+001  1.5786220e+001
  2.4000000e+001  5.0579161e+000  9.4355452e+000  1.3813174e+001
  2.6000000e+001  3.9734064e+000  8.2268175e+000  1.2480229e+001
  2.8000000e+001  2.7684642e+000  7.0020175e+000  1.1235571e+001
  3.0000000e+001  1.3343742e+000  6.0238013e+000  1.0713228e+001
  3.2000000e+001  2.3119778e-002  5.1450877e+000  1.0267056e+001
  3.4000000e+001 -1.0933001e+000  4.3370104e+000  9.7673208e+000
  3.6000000e+001 -2.1300902e+000  3.7359555e+000  9.6020012e+000
  3.8000000e+001 -2.5622978e+000  3.3895048e+000  9.3413074e+000
  4.0000000e+001 -2.6426738e+000  3.2443947e+000  9.1314632e+000
  4.2000000e+001 -2.7191786e+000  3.3137590e+000  9.3466967e+000
  4.4000000e+001 -2.7171507e+000  3.5420208e+000  9.8011923e+000
  4.6000000e+001 -1.4706914e+000  4.6566873e+000  1.0784066e+001
  4.8000000e+001  5.4333020e-001  6.5402532e+000  1.2537176e+001
  5.0000000e+001  3.1271914e+000  8.8206814e+000  1.4514171e+001
  5.2000000e+001  6.6496208e+000  1.2211606e+001  1.7773591e+001
  5.4000000e+001  1.1289427e+001  1.7241781e+001  2.3194135e+001
  5.6000000e+001  1.5759962e+001  2.1313886e+001  2.6867810e+001
  5.8000000e+001  2.2125036e+001  2.7745597e+001  3.3366158e+001
  6.0000000e+001  2.8025658e+001  3.3994049e+001  3.9962439e+001
  6.2000000e+001  3.4738057e+001  4.0526254e+001  4.6314450e+001
  6.4000000e+001  4.2297921e+001  4.7283628e+001  5.2269335e+001
  6.6000000e+001  4.7760621e+001  5.2386454e+001  5.7012287e+001
  6.8000000e+001  5.1327112e+001  5.6315065e+001  6.1303019e+001
  7.0000000e+001  5.3058505e+001  5.8547721e+001  6.4036938e+001
  7.2000000e+001  5.2415623e+001  5.9086772e+001  6.5757920e+001
  7.4000000e+001  5.1029531e+001  5.8261291e+001  6.5493051e+001
  7.6000000e+001  4.8511888e+001  5.5866289e+001  6.3220689e+001
  7.8000000e+001  4.3978684e+001  5.1966205e+001  5.9953725e+001
  8.0000000e+001  3.7802573e+001  4.7090193e+001  5.6377813e+001
  8.2000000e+001  3.2158296e+001  4.1201149e+001  5.0244001e+001
  8.4000000e+001  2.5432479e+001  3.4050287e+001  4.2668094e+001
  8.6000000e+001  2.0502837e+001  2.7517769e+001  3.4532700e+001
  8.8000000e+001  1.3760592e+001  2.0696217e+001  2.7631842e+001
  9.0000000e+001  8.4865110e+000  1.4458566e+001  2.0430620e+001
  9.2000000e+001  3.1401964e+000  8.5730715e+000  1.4005947e+001
  9.4000000e+001 -4.4583191e-001  4.8720858e+000  1.0190004e+001
  9.6000000e+001 -1.8354299e+000  3.7680638e+000  9.3715575e+000
  9.8000000e+001 -1.8722041e+000  3.9142819e+000  9.7007679e+000
  1.0000000e+002 -7.8957997e-001  5.2270265e+000  1.1243633e+001
