  0.0000000e+000 -1.5611301e+001 -8.0753298e+000 -5.3935860e-001
  2.0000000e+000 -1.5341100e+001 -7.8675061e+000 -3.9391194e-001
  4.0000000e+000 -1.5078369e+001 -7.5706192e+000 -6.2869467e-002
  6.0000000e+000 -1.4148879e+001 -6.3856557e+000  1.3775676e+000
  8.0000000e+000 -1.2908467e+001 -4.8905255e+000  3.1274164e+000
  1.0000000e+001 -1.1874630e+001 -3.9123872e+000  4.0498555e+000
  1.2000000e+001 -1.1281613e+001 -4.0301002e+000  3.2214123e+000
  1.4000000e+001 -1.1503702e+001 -4.6326716e+000  2.2383590e+000
  1.6000000e+001 -1.2414378e+001 -5.5571196e+000  1.3001389e+000
  1.8000000e+001 -1.3261591e+001 -6.2225574e+000  8.1647612e-001
  2.0000000e+001 -1.4008740e+001 -6.6020482e+000  8.0464365e-001
  2.2000000e+001 -1.4173823e+001 -6.6973660e+000  7.7909140e-001
  2.4000000e+001 -1.4173649e+001 -6.4307722e+000  1.3121043e+000
  2.6000000e+001 -1.4153813e+001 -6.4420186e+000  1.2697762e+000
  2.8000000e+001 -1.4317501e+001 -6.4796169e+000  1.3582667e+000
  3.0000000e+001 -1.4357261e+001 -6.5007347e+000  1.3557915e+000
  3.2000000e+001 -1.4976223e+001 -6.8384281e+000  1.2993670e+000
  3.4000000e+001 -1.5530138e+001 -7.0562210e+000  1.4176959e+000
  3.6000000e+001 -1.5955131e+001 -7.0843008e+000  1.7865295e+000
  3.8000000e+001 -1.5948293e+001 -6.8813646e+000  2.1855637e+000
  4.0000000e+001 -1.6006641e+001 -6.7801052e+000  2.4464311e+000
  4.2000000e+001 -1.5927212e+001 -6.3948182e+000  3.1375759e+000
  4.4000000e+001 -1.5379496e+001 -5.7949395e+000  3.7896173e+000
  4.6000000e+001 -1.4417061e+001 -4.9468795e+000  4.5233018e+000
  4.8000000e+001 -1.4246259e+001 -4.6086815e+000  5.0288961e+000
  5.0000000e+001 -1.4198400e+001 -4.6205326e+000  4.9573348e+000
  5.2000000e+001 -1.4915939e+001 -5.2696335e+000  4.3766723e+000
  5.4000000e+001 -1.6169513e+001 -6.5572629e+000  3.0549873e+000
  5.6000000e+001 -1.6866829e+001 -7.8337919e+000  1.1992455e+000
  5.8000000e+001 -1.7211872e+001 -8.5240167e+000  1.6383847e-001
  6.0000000e+001 -1.5700734e+001 -7.6272736e+000  4.4618707e-001
  6.2000000e+001 -1.3920510e+001 -6.2783152e+000  1.3638794e+000
  6.4000000e+001 -1.1122562e+001 -3.6046704e+000  3.9132208e+000
  6.6000000e+001 -9.0331974e+000 -1.8924516e+000  5.2482943e+000
  6.8000000e+001 -8.1671613e+000 -1.3056152e+000  5.5559309e+000
  7.0000000e+001 -8.9362966e+000 -2.0301520e+000  4.8759926e+000
  7.2000000e+001 -9.9167148e+000 -3.1666516e+000  3.5834116e+000
  7.4000000e+001 -1.1173035e+001 -4.5555960e+000  2.0618427e+000
  7.6000000e+001 -1.3675822e+001 -6.3711190e+000  9.3358439e-001
  7.8000000e+001 -1.5413345e+001 -7.9039157e+000 -3.9448624e-001
  8.0000000e+001 -1.6686769e+001 -9.2486319e+000 -1.8104951e+000
  8.2000000e+001 -1.8514061e+001 -1.0701633e+001 -2.8892051e+000
  8.4000000e+001 -1.9555705e+001 -1.1362340e+001 -3.1689754e+000
  8.6000000e+001 -1.9950863e+001 -1.1110175e+001 -2.2694863e+000
  8.8000000e+001 -1.9717366e+001 -1.0114880e+001 -5.1239503e-001
  9.0000000e+001 -1.8092962e+001 -8.2279711e+000  1.6370199e+000
  9.2000000e+001 -1.6488183e+001 -6.7817798e+000  2.9246233e+000
  9.4000000e+001 -1.4960693e+001 -5.9581265e+000  3.0444394e+000
  9.6000000e+001 -1.4059334e+001 -6.0242533e+000  2.0108276e+000
  9.8000000e+001 -1.5365417e+001 -7.4804850e+000  4.0444741e-001
  1.0000000e+002 -1.5553936e+001 -8.2358003e+000 -9.1766473e-001
